90  65:
-0.6537086963653564
0.8096396327018738
0.22873739898204803
0.47988542914390564
0.14164170622825623
0.0647239163517952
-0.4291324317455292
0.07353489100933075
-----------------------------------------------
70  65:
-0.27899208664894104
0.7773078680038452
0.3402317464351654
0.31918641924858093
0.14974839985370636
-0.013223567977547646
-0.37232163548469543
0.17395555973052979
-----------------------------------------------
50  65:
0.0027519643772393465
0.6636125445365906
0.4017564654350281
0.15424026548862457
0.13301649689674377
-0.09112498909235
-0.27977481484413147
0.2427516132593155
-----------------------------------------------
30  65:
0.1982603520154953
0.5133675932884216
0.41961437463760376
-0.01245826855301857
0.09090545773506165
-0.16330911219120026
-0.17144109308719635
0.27187687158584595
-----------------------------------------------
10  65:
0.3243388235569
0.3493936061859131
0.3951117992401123
-0.18012115359306335
0.023815413936972618
-0.222911536693573
-0.06588336080312729
0.26318904757499695
-----------------------------------------------
-10  65:
0.39533835649490356
0.18166902661323547
0.32460153102874756
-0.3476350009441376
-0.06556738913059235
-0.26157522201538086
0.02409384585916996
0.22433069348335266
-----------------------------------------------
-30  65:
0.4202057421207428
0.013806763105094433
0.19912376999855042
-0.5113336443901062
-0.17043037712574005
-0.27022114396095276
0.09160670638084412
0.16445395350456238
-----------------------------------------------
-50  65:
0.4026651680469513
-0.1530946046113968
0.004517354071140289
-0.6613225936889648
-0.2780284285545349
-0.24133341014385223
0.13400715589523315
0.09192895144224167
-----------------------------------------------
-70  65:
0.3414525091648102
-0.318266361951828
-0.27588319778442383
-0.7749428153038025
-0.3699764907360077
-0.1730937957763672
0.1509094387292862
0.013653025962412357
-----------------------------------------------
-90  65:
0.23029577732086182
-0.47926926612854004
-0.6488190293312073
-0.8077525496482849
-0.4265279173851013
-0.07347271591424942
0.14286752045154572
-0.06469076126813889
-----------------------------------------------
90  45:
-1.543676733970642
2.5100936889648438
0.4086405038833618
0.8941967487335205
0.16507501900196075
0.2236378788948059
-0.4755169749259949
0.31460705399513245
-----------------------------------------------
70  45:
-0.3560160994529724
1.7162140607833862
0.5767161846160889
0.5754454135894775
0.21828411519527435
0.12453266978263855
-0.315794974565506
0.38796594738960266
-----------------------------------------------
50  45:
0.1811559647321701
1.1992778778076172
0.664004921913147
0.29664716124534607
0.2396431267261505
0.018227962777018547
-0.15158988535404205
0.39932698011398315
-----------------------------------------------
30  45:
0.4576990008354187
0.8154979348182678
0.6951436400413513
0.03580977022647858
0.22888191044330597
-0.08979007601737976
-0.0069088200107216835
0.3610510230064392
-----------------------------------------------
10  45:
0.6056178212165833
0.5022028088569641
0.6775569319725037
-0.22406888008117676
0.18503421545028687
-0.19390250742435455
0.1065528616309166
0.2886154055595398
-----------------------------------------------
-10  45:
0.6777928471565247
0.22615393996238708
0.6059010624885559
-0.499736487865448
0.10682731866836548
-0.28701579570770264
0.1852772831916809
0.19532251358032227
-----------------------------------------------
-30  45:
0.6957440972328186
-0.03395653888583183
0.45868465304374695
-0.8122619390487671
-0.006013093050569296
-0.3593471944332123
0.2295157015323639
0.09098128229379654
-----------------------------------------------
-50  45:
0.6649549007415771
-0.2949063777923584
0.18360313773155212
-1.1945878267288208
-0.14994579553604126
-0.39771202206611633
0.24058084189891815
-0.01731625199317932
-----------------------------------------------
-70  45:
0.578107476234436
-0.5737128853797913
-0.3498886227607727
-1.708512306213379
-0.3133678138256073
-0.38674336671829224
0.21945399045944214
-0.12394560873508453
-----------------------------------------------
-90  45:
0.41072288155555725
-0.8924022912979126
-1.5258355140686035
-2.4951181411743164
-0.4724946916103363
-0.3141571879386902
0.16640622913837433
-0.2234359085559845
-----------------------------------------------
90  25:
-10.712932586669922
17.96035385131836
1.1866974830627441
2.3912150859832764
0.2249610275030136
0.42839258909225464
-0.6203750967979431
0.693614661693573
-----------------------------------------------
70  25:
-2.9728410243988037
20.520376205444336
1.2848751544952393
1.2273060083389282
0.3263280689716339
0.27965858578681946
-0.29594922065734863
0.7003298401832581
-----------------------------------------------
50  25:
0.9884854555130005
4.365656852722168
1.321522831916809
0.580814003944397
0.3807983696460724
0.12418127059936523
-0.034148067235946655
0.6214173436164856
-----------------------------------------------
30  25:
1.2319775819778442
1.8933664560317993
1.3333216905593872
0.08641594648361206
0.3926684260368347
-0.03404165431857109
0.15744520723819733
0.4965225160121918
-----------------------------------------------
10  25:
1.3018008470535278
0.9703004360198975
1.3279974460601807
-0.39039283990859985
0.3624366521835327
-0.19249273836612701
0.2864522933959961
0.34983929991722107
-----------------------------------------------
-10  25:
1.3281339406967163
0.39403966069221497
1.301946759223938
-0.9653254747390747
0.2867143750190735
-0.34802454710006714
0.36267024278640747
0.19408786296844482
-----------------------------------------------
-30  25:
1.3335708379745483
-0.08310015499591827
1.2324670553207397
-1.883663296699524
0.15834511816501617
-0.4944833219051361
0.3932863473892212
0.03541486710309982
-----------------------------------------------
-50  25:
1.32187020778656
-0.5770485401153564
0.9914955496788025
-4.32767915725708
-0.032350506633520126
-0.6192337870597839
0.38174882531166077
-0.12304303795099258
-----------------------------------------------
-70  25:
1.2854214906692505
-1.2217178344726562
-2.9114160537719727
-20.526094436645508
-0.2929307520389557
-0.698247492313385
0.3275919556617737
-0.27879035472869873
-----------------------------------------------
-90  25:
1.188010811805725
-2.378899574279785
-10.65695571899414
-17.988937377929688
-0.61592698097229
-0.692182719707489
0.22653347253799438
-0.42787790298461914
-----------------------------------------------
90  5:
-11.442989349365234
18.95188331604004
10.325927734375
18.11849594116211
0.3682114779949188
0.7736440300941467
-1.1746835708618164
1.7890775203704834
-----------------------------------------------
70  5:
-3.6857426166534424
21.124431610107422
15.817577362060547
13.392586708068848
0.5252069234848022
0.5029234290122986
-0.3411256968975067
1.4060757160186768
-----------------------------------------------
50  5:
4.26230001449585
20.622785568237305
9.21854305267334
3.53020977973938
0.6082016825675964
0.25317859649658203
0.12085234373807907
1.0562735795974731
-----------------------------------------------
30  5:
11.320590019226074
17.496488571166992
6.792750835418701
0.22638092935085297
0.6358763575553894
0.01345562282949686
0.385518342256546
0.7506176233291626
-----------------------------------------------
10  5:
74.38033294677734
55.15303421020508
8.209490776062012
-2.5371155738830566
0.613778293132782
-0.2263455092906952
0.5364798307418823
0.4787679612636566
-----------------------------------------------
-10  5:
8.191813468933105
2.5540578365325928
72.03707885742188
-53.131752014160156
0.5367316007614136
-0.4763520061969757
0.6140112280845642
0.22838762402534485
-----------------------------------------------
-30  5:
6.759124279022217
-0.20862072706222534
11.366978645324707
-17.46375274658203
0.38651251792907715
-0.747612476348877
0.6364889740943909
-0.011656414717435837
-----------------------------------------------
-50  5:
9.108139038085938
-3.462428092956543
4.320035934448242
-20.607038497924805
0.12319403886795044
-1.0523325204849243
0.6091853976249695
-0.25153958797454834
-----------------------------------------------
-70  5:
15.85169506072998
-13.352181434631348
-3.6240999698638916
-21.128507614135742
-0.33601003885269165
-1.4006471633911133
0.5266339778900146
-0.5014030933380127
-----------------------------------------------
-90  5:
10.374073028564453
-18.090557098388672
-11.383357048034668
-18.97299575805664
-1.1632535457611084
-1.781442642211914
0.370246022939682
-0.7722592353820801
-----------------------------------------------
